reallist<-c( '0.822849162011', '0.829089900111', '0.83923389437', '0.846582984658', '0.847003154574', '0.848780487805', '0.85993485342', '0.86277173913', '0.864737550471', '0.867052023121', '0.87167736022', '0.883990719258', '0.887147335423', '0.894912427023', '0.896017699115', '0.899909828674', '0.91202582728', '0.917197452229', '0.923736892278', '0.923789907312', '0.923941227312', '0.928275862069', '0.935429056924', '0.948003014318', '0.950980392157', '0.953422053232', '0.959183673469', '0.960784313725', '0.961602671119', '0.962065331928', '0.962209302326', '0.96309314587', '0.963144963145', '0.963169642857', '0.963776070252', '0.963776070252', '0.965011286682', '0.96552645644', '0.96875', '0.968864468864', '0.969008264463', '0.969537815126', '0.969597370583', '0.970588235294', '0.971794871795', '0.973818181818', '0.973974763407', '0.974066390041', '0.974270163286', '0.97440423654', '0.974489795918', '0.974537037037', '0.975247524752', '0.975260416667', '0.975432211101', '0.975718015666', '0.975819032761', '0.975868725869', '0.975978647687', '0.976085031001', '0.977578475336', '0.977777777778', '0.97779460005', '0.977941176471', '0.978193146417', '0.97957794418', '0.980186480186', '0.98084008843', '0.981526104418', '0.981720909496')
simulationlist<-c('0.486203615604', '0.490196078431', '0.490759753593', '0.493171471927', '0.494456762749', '0.49531835206', '0.5', '0.50078369906', '0.501407729716', '0.502793296089', '0.504143646409', '0.507692307692', '0.508108108108', '0.509776536313', '0.510714285714', '0.51194184839', '0.512331838565', '0.515713134569', '0.516666666667', '0.516863406408', '0.516883116883', '0.51902173913', '0.519131334023', '0.51976744186', '0.519774011299', '0.51987281399', '0.520833333333', '0.520967741935', '0.522155688623', '0.523134328358', '0.525179856115', '0.528338136407', '0.530276046305', '0.532634032634', '0.532638259293', '0.533015656909', '0.53320683112', '0.533572068039', '0.53360910031', '0.534548944338', '0.535232383808', '0.535490605428', '0.535753575358', '0.5360094451', '0.537964458805', '0.538161993769', '0.538688282977', '0.539089848308', '0.539244186047', '0.539867109635', '0.539887187752', '0.541070082894', '0.541102077687', '0.542803132595', '0.543263964951', '0.54347826087', '0.543554006969', '0.544268406337', '0.544334975369', '0.545382794002', '0.545550847458', '0.546105640107', '0.546433378197', '0.549579831933', '0.550551470588', '0.5525', '0.552677029361', '0.558407079646', '0.562604340568', '0.564716312057')
simulationFamlist<-c('0.610038610039', '0.610112160567','0.614038610039', '0.615112160567', '0.620826709062', '0.621306376361', '0.628851540616','0.631851540616',  '0.650924024641', '0.652222222222', '0.654301499605', '0.657971014493', '0.661627906977', '0.666356877323', '0.669032830524', '0.66935483871', '0.669515669516', '0.67397260274','0.67597260274', '0.678474114441', '0.679096045198', '0.679892400807', '0.681774349084', '0.682926829268', '0.685116851169', '0.685950413223', '0.687747035573', '0.687777777778', '0.688911704312', '0.689762150982', '0.690504103165', '0.690512048193', '0.691885964912', '0.693509615385', '0.69616519174', '0.696699375558', '0.698993595608', '0.699358386801', '0.701517706577', '0.70412371134', '0.704297159505', '0.704526046114', '0.705642420122', '0.706910246227', '0.707720588235', '0.7085995086', '0.70911360799', '0.709205020921', '0.709967845659', '0.713968957871', '0.716666666667', '0.717449069973', '0.717892425906', '0.719378427788', '0.72026641294', '0.723766816143', '0.72391125719', '0.72590627763', '0.727414330218', '0.728951255539', '0.731170336037', '0.732532265243', '0.73396424816', '0.738505747126', '0.738596491228', '0.73982869379', '0.743950039032', '0.745479833102', '0.745596868885', '0.746705882353')
pdf("LanceCheckplot.pdf")
plot(seq(70),reallist,xlim=c(0,71),ylim=c(0,1),ylab="",xlab="",ann=F,col="darkblue",pch=19)
par(new=TRUE)
plot(seq(70),simulationFamlist,xlim=c(0,71),ylim=c(0,1),ylab="Percentage",xlab="Samples",col="red",axes=F,pch=18)
par(new=TRUE)
plot(seq(70),simulationlist,xlim=c(0,71),ylim=c(0,1),ylab="",xlab="",ann=F,col="black",axes=F,pch=4)
legend("bottomright",legend=c("Real Data","Random within Family","Random"),text.col=c("darkblue","red","black"),col=c("darkblue","red","black"),pch=c(19,18,4))
abline(h=0.8,lty=3)
abline(h=0.6,lty=3,col="gray")
dev.off()